  result = [
         1       0.10000000E+01       0.10000000E+01       0.10000000E+02       0.50000000E+01       0.11180340E+02
         2       0.80952386E+00       0.78571420E+00       0.90000000E+01       0.46833499E+01       0.10145628E+02
         3       0.59219894E+00       0.66170158E+00       0.81000000E+01       0.44474748E+01       0.92406727E+01
         4       0.28869477E+00       0.71195783E+00       0.72900000E+01       0.44555680E+01       0.85437805E+01
         5       0.90747831E+01      -0.12831675E+02       0.65610000E+01       0.25963051E+04       0.25963134E+04
         6       0.87474674E+01      -0.12668751E+02       0.59049000E+01       0.23454795E+04       0.23454869E+04
         7       0.84311681E+01      -0.12489547E+02       0.53144099E+01       0.21188829E+04       0.21188896E+04
         8       0.81254936E+01      -0.12296756E+02       0.47829689E+01       0.19141758E+04       0.19141818E+04
         9       0.78300665E+01      -0.12092764E+02       0.43046720E+01       0.17292442E+04       0.17292495E+04
        10       0.75445227E+01      -0.11879682E+02       0.38742048E+01       0.15621783E+04       0.15621831E+04
        11       0.72685113E+01      -0.11659375E+02       0.34867843E+01       0.14112526E+04       0.14112569E+04
        12       0.70016934E+01      -0.11433487E+02       0.31381059E+01       0.12749083E+04       0.12749122E+04
        13       0.67437426E+01      -0.11203466E+02       0.28242953E+01       0.11517369E+04       0.11517404E+04
        14       0.64943433E+01      -0.10970582E+02       0.25418658E+01       0.10404661E+04       0.10404692E+04
        15       0.62531914E+01      -0.10735947E+02       0.22876792E+01       0.93994622E+03       0.93994901E+03
        16       0.60199930E+01      -0.10500534E+02       0.20589113E+01       0.84913877E+03       0.84914127E+03
        17       0.57944646E+01      -0.10265187E+02       0.18530201E+01       0.76710547E+03       0.76710771E+03
        18       0.55763320E+01      -0.10030639E+02       0.16677181E+01       0.69299867E+03       0.69300068E+03
        19       0.53653309E+01      -0.97975232E+01       0.15009463E+01       0.62605258E+03       0.62605438E+03
        20       0.51612053E+01      -0.95663822E+01       0.13508517E+01       0.56557538E+03       0.56557699E+03
        21       0.49637084E+01      -0.93376793E+01       0.12157665E+01       0.51094206E+03       0.51094350E+03
        22       0.47726010E+01      -0.91118066E+01       0.10941899E+01       0.46158797E+03       0.46158927E+03
        23       0.45876524E+01      -0.88890931E+01       0.98477087E+00       0.41700303E+03       0.41700419E+03
        24       0.44086390E+01      -0.86698115E+01       0.88629378E+00       0.37672642E+03       0.37672746E+03
        25       0.42353446E+01      -0.84541847E+01       0.79766440E+00       0.34034182E+03       0.34034276E+03
        26       0.40675601E+01      -0.82423912E+01       0.71789796E+00       0.30747316E+03       0.30747400E+03
        27       0.39050829E+01      -0.80345702E+01       0.64610816E+00       0.27778069E+03       0.27778144E+03
        28       0.37477167E+01      -0.78308263E+01       0.58149734E+00       0.25095747E+03       0.25095814E+03
        29       0.35952713E+01      -0.76312332E+01       0.52334761E+00       0.22672623E+03       0.22672684E+03
        30       0.34475626E+01      -0.74358374E+01       0.47101285E+00       0.20483650E+03       0.20483704E+03
        31       0.33044115E+01      -0.72446615E+01       0.42391156E+00       0.18506198E+03       0.18506247E+03
        32       0.31656448E+01      -0.70577069E+01       0.38152040E+00       0.16719827E+03       0.16719871E+03
        33       0.30310938E+01      -0.68749565E+01       0.34336836E+00       0.15106070E+03       0.15106109E+03
        34       0.29005948E+01      -0.66963764E+01       0.30903153E+00       0.13648245E+03       0.13648280E+03
        35       0.27739887E+01      -0.65219189E+01       0.27812837E+00       0.12331283E+03       0.12331314E+03
        36       0.26511206E+01      -0.63515231E+01       0.25031554E+00       0.11141569E+03       0.11141597E+03
        37       0.25318396E+01      -0.61851173E+01       0.22528398E+00       0.10066806E+03       0.10066831E+03
        38       0.24159986E+01      -0.60226201E+01       0.20275558E+00       0.90958834E+02       0.90959060E+02
        39       0.23034542E+01      -0.58639413E+01       0.18248002E+00       0.82187664E+02       0.82187867E+02
        40       0.21940662E+01      -0.57089834E+01       0.16423202E+00       0.74263885E+02       0.74264067E+02
        41       0.20876976E+01      -0.55576420E+01       0.14780882E+00       0.67105599E+02       0.67105762E+02
        42       0.19842140E+01      -0.54098070E+01       0.13302794E+00       0.60638822E+02       0.60638968E+02
        43       0.18834838E+01      -0.52653632E+01       0.11972514E+00       0.54796720E+02       0.54796851E+02
        44       0.17853778E+01      -0.51241904E+01       0.10775263E+00       0.49518918E+02       0.49519036E+02
        45       0.16897687E+01      -0.49861644E+01       0.96977366E-01       0.44750877E+02       0.44750982E+02
        46       0.15965313E+01      -0.48511571E+01       0.87279629E-01       0.40443327E+02       0.40443421E+02
        47       0.15055418E+01      -0.47190369E+01       0.78551666E-01       0.36551760E+02       0.36551844E+02
        48       0.14166780E+01      -0.45896688E+01       0.70696499E-01       0.33035968E+02       0.33036043E+02
        49       0.13298187E+01      -0.44629147E+01       0.63626849E-01       0.29859628E+02       0.29859696E+02
        50       0.12448438E+01      -0.43386336E+01       0.57264164E-01       0.26989927E+02       0.26989988E+02
        51       0.11616338E+01      -0.42166818E+01       0.51537748E-01       0.24397222E+02       0.24397276E+02
        52       0.10800700E+01      -0.40969130E+01       0.46383973E-01       0.22054730E+02       0.22054779E+02
        53       0.10000344E+01      -0.39791787E+01       0.41745576E-01       0.19938255E+02       0.19938299E+02
        54       0.92140934E+00      -0.38633285E+01       0.37571018E-01       0.18025937E+02       0.18025976E+02
        55       0.84407845E+00      -0.37492107E+01       0.33813916E-01       0.16298022E+02       0.16298057E+02
        56       0.76792653E+00      -0.36366735E+01       0.30432524E-01       0.14736659E+02       0.14736690E+02
        57       0.69284065E+00      -0.35255663E+01       0.27389272E-01       0.13325716E+02       0.13325744E+02
        58       0.61871146E+00      -0.34157420E+01       0.24650345E-01       0.12050612E+02       0.12050637E+02
        59       0.54543517E+00      -0.33070601E+01       0.22185310E-01       0.10898161E+02       0.10898183E+02
        60       0.47291665E+00      -0.31993916E+01       0.19966779E-01       0.98564403E+01       0.98564605E+01
        61       0.40107377E+00      -0.30926256E+01       0.17970101E-01       0.89146634E+01       0.89146815E+01
        62       0.32984351E+00      -0.29866787E+01       0.16173091E-01       0.80630674E+01       0.80630837E+01
        63       0.25919033E+00      -0.28815076E+01       0.14555782E-01       0.72928137E+01       0.72928282E+01
        64       0.18911714E+00      -0.27771256E+01       0.13100204E-01       0.65958976E+01       0.65959106E+01
        65       0.11967891E+00      -0.26736233E+01       0.11790183E-01       0.59650714E+01       0.59650831E+01
        66       0.50998453E-01      -0.25711921E+01       0.10611165E-01       0.53937784E+01       0.53937888E+01
        67      -0.16717656E-01      -0.24701485E+01       0.95500485E-02       0.48761007E+01       0.48761101E+01
        68      -0.83166795E-01      -0.23709523E+01       0.85950436E-02       0.44067208E+01       0.44067292E+01
