  result = [
         1       0.30000000E+01       0.67000000E+02       0.57000000E+02       0.67000000E+02
         2       0.18245614E+01       0.20446264E+02       0.22974146E+02       0.20446264E+02
         3       0.93459299E+00       0.63710387E+01       0.82407843E+01       0.63710387E+01
         4       0.16148227E+00       0.16543509E+01       0.31564591E+01       0.16543509E+01
         5      -0.36263377E+00      -0.54591013E+00       0.37890195E+01       0.54591013E+00
         6      -0.21855689E+00       0.10489279E+00       0.32866027E+01       0.10489279E+00
         7      -0.25047215E+00      -0.33315991E-01       0.33764178E+01       0.33315991E-01
         8      -0.24060489E+00       0.97228611E-02       0.33473443E+01       0.97228611E-02
         9      -0.24350954E+00      -0.29168782E-02       0.33557814E+01       0.29168782E-02
        10      -0.24264033E+00       0.86810727E-03       0.33532460E+01       0.86810727E-03
        11      -0.24289922E+00      -0.25898326E-03       0.33540002E+01       0.25898326E-03
        12      -0.24282200E+00       0.77207545E-04       0.33537751E+01       0.77207545E-04
        13      -0.24284502E+00      -0.23021858E-04       0.33538422E+01       0.23021858E-04
        14      -0.24283816E+00       0.68642548E-05       0.33538222E+01       0.68642548E-05
        15      -0.24284020E+00      -0.20467022E-05       0.33538282E+01       0.20467022E-05
 ];
