  a=[
  -.500000E+01 0.660000E+02
  -.490000E+01 0.632300E+02
  -.480000E+01 0.605200E+02
  -.470000E+01 0.578700E+02
  -.460000E+01 0.552800E+02
  -.450000E+01 0.527500E+02
  -.440000E+01 0.502800E+02
  -.430000E+01 0.478700E+02
  -.420000E+01 0.455200E+02
  -.410000E+01 0.432300E+02
  -.400000E+01 0.410000E+02
  -.390000E+01 0.388300E+02
  -.380000E+01 0.367200E+02
  -.370000E+01 0.346700E+02
  -.360000E+01 0.326800E+02
  -.350000E+01 0.307500E+02
  -.340000E+01 0.288800E+02
  -.330000E+01 0.270700E+02
  -.320000E+01 0.253200E+02
  -.310000E+01 0.236300E+02
  -.300000E+01 0.220000E+02
  -.290000E+01 0.204300E+02
  -.280000E+01 0.189200E+02
  -.270000E+01 0.174700E+02
  -.260000E+01 0.160800E+02
  -.250000E+01 0.147500E+02
  -.240000E+01 0.134800E+02
  -.230000E+01 0.122700E+02
  -.220000E+01 0.111200E+02
  -.210000E+01 0.100300E+02
  -.200000E+01 0.900000E+01
  -.190000E+01 0.803000E+01
  -.180000E+01 0.712000E+01
  -.170000E+01 0.627000E+01
  -.160000E+01 0.548000E+01
  -.150000E+01 0.475000E+01
  -.140000E+01 0.408000E+01
  -.130000E+01 0.347000E+01
  -.120000E+01 0.292000E+01
  -.110000E+01 0.243000E+01
  -.100000E+01 0.200000E+01
  -.900000E+00 0.163000E+01
  -.800000E+00 0.132000E+01
  -.700000E+00 0.107000E+01
  -.600000E+00 0.880000E+00
  -.500000E+00 0.750000E+00
  -.400000E+00 0.680000E+00
  -.300000E+00 0.670000E+00
  -.200000E+00 0.720000E+00
  -.999999E-01 0.830000E+00
  0.745058E-07 0.100000E+01
  0.100000E+00 0.123000E+01
  0.200000E+00 0.152000E+01
  0.300000E+00 0.187000E+01
  0.400000E+00 0.228000E+01
  0.500000E+00 0.275000E+01
  0.600000E+00 0.328000E+01
  0.700000E+00 0.387000E+01
  0.800000E+00 0.452000E+01
  0.900000E+00 0.523000E+01
  0.100000E+01 0.600000E+01
  0.110000E+01 0.683000E+01
  0.120000E+01 0.772000E+01
  0.130000E+01 0.867000E+01
  0.140000E+01 0.968000E+01
  0.150000E+01 0.107500E+02
  0.160000E+01 0.118800E+02
  0.170000E+01 0.130700E+02
  0.180000E+01 0.143200E+02
  0.190000E+01 0.156300E+02
  0.200000E+01 0.170000E+02
  0.210000E+01 0.184300E+02
  0.220000E+01 0.199200E+02
  0.230000E+01 0.214700E+02
  0.240000E+01 0.230800E+02
  0.250000E+01 0.247500E+02
  0.260000E+01 0.264800E+02
  0.270000E+01 0.282700E+02
  0.280000E+01 0.301200E+02
  0.290000E+01 0.320300E+02
  0.300000E+01 0.340000E+02
  0.310000E+01 0.360300E+02
  0.320000E+01 0.381200E+02
  0.330000E+01 0.402700E+02
  0.340000E+01 0.424800E+02
  0.350000E+01 0.447500E+02
  0.360000E+01 0.470800E+02
  0.370000E+01 0.494700E+02
  0.380000E+01 0.519200E+02
  0.390000E+01 0.544300E+02
  0.400000E+01 0.570000E+02
  0.410000E+01 0.596300E+02
  0.420000E+01 0.623200E+02
  0.430000E+01 0.650700E+02
  0.440000E+01 0.678800E+02
  0.450000E+01 0.707500E+02
  0.460000E+01 0.736800E+02
  0.470000E+01 0.766700E+02
  0.480000E+01 0.797200E+02
  0.490000E+01 0.828300E+02
  0.500000E+01 0.860000E+02
  ];
