  result = [
         1       0.10000000E+01       0.70000000E+01       0.20410000E+04
         2       0.10000000E+02       0.20410000E+04       0.66959622E+01
         3       0.96902655E+00       0.66959622E+01       0.64146678E+01
         4       0.93930088E+00       0.64146678E+01       0.20814704E+01
         5       0.26143344E+00       0.20814704E+01       0.74273858E+00
         6      -0.64183155E-01       0.74273858E+00       0.87047117E-02
         7      -0.24483772E+00      -0.87047117E-02       0.41236393E-03
 ];
